1615 8 11 15
202010 3 8 18
211011 3 5 12
10000001000 2 3 17
22003 4 12 18
909 10 15 16
3023 4 4 15
553 9 11 9
4053 6 16 10
420 8 9 14
3122 6 13 17
1306 9 6 12
2125 6 2 13
676 10 16 15
420 9 5 8
221 8 5 15
1331 5 14 9
764 10 13 13
23100 4 10 5
1010001111 2 8 13
1002210 3 10 15
831 9 10 9
1346 7 5 7
3144 5 7 20
100202 3 13 13
3214 6 14 6
629 10 3 17
1072 9 5 19
638 10 13 12
1460 8 6 19
897 10 10 10
1111110001 2 15 12
821 10 11 13
1101001100 2 13 19
12310 4 14 12
753 8 7 5
30030 4 13 6
343 7 12 20
2654 7 15 20
111000110 2 6 17
3351 6 11 18
212 8 3 7
2426 7 12 16
1100 8 15 9
1000120 3 14 11
888 10 5 9
20232 4 13 11
1541 8 10 8
11110011 2 4 16
1100011011 2 5 15
1110010000 2 12 7
3234 6 14 9
11240 5 13 14
1532 7 16 7
272 9 9 6
340 10 11 13
100000101 2 9 7
1100111111 2 7 20
3003 5 13 13
508 10 15 10
2233 6 2 9
1001111011 2 16 20
1635 8 9 7
222121 3 3 19
2403 6 11 18
11043 5 14 8
255 7 3 16
2153 7 6 5
1065 7 10 14
4223 6 6 18
1315 7 10 6
704 9 8 18
1530 6 10 20
858 10 10 20
230 9 4 14
272 10 5 19
100001111 2 11 17
1110110111 2 2 9
864 9 6 14
10220 5 12 11
1240 5 12 5
778 9 3 19
702 8 13 20
1100010110 2 3 10
10221 4 10 6
20022 4 11 11
716 9 12 7
1420 7 16 20
1510 8 14 5
10221 4 8 20
529 10 15 17
2305 7 2 6
240 10 14 9
220 8 11 6
2001 7 13 13
1122 5 4 14
3540 6 4 14
101001010 2 9 8
1030 6 3 6
1162 7 9 19
1020101 3 6 6
4214 6 11 9
611 10 12 15
1513 8 13 18
2141 5 6 8
411 6 14 5
2422 6 12 13
1700 8 14 11
3123 4 14 16
1011110 3 16 14
1656 7 11 7
10122 4 8 18
660 10 6 10
4345 6 5 5
1351 8 5 18
1022002 3 4 14
13333 4 7 10
1024 5 12 20
200110 3 2 19
21012 4 11 15
1245 6 8 19
2463 7 5 7
1500 8 10 13
1020000 3 6 8
481 10 3 13
728 10 6 13
12114 5 12 5
31102 4 12 9
101000111 2 7 17
216 9 2 5
110101011 2 11 9
678 10 9 19
1101111100 2 3 20
1100110 3 8 8
10200 4 12 18
13100 5 3 20
10012 4 3 5
13312 4 8 11
100100000 2 2 19
1084 9 16 5
298 10 15 16
450 9 10 7
3443 6 10 12
625 8 14 9
1043 8 9 7
33002 4 7 7
2304 6 4 16
122200 3 2 20
210000 3 15 20
1030 6 7 7
2145 7 12 7
12433 5 12 8
466 7 10 14
10100 5 15 7
21110 3 14 20
848 10 9 10
304 7 11 8
21233 4 5 16
1101000010 2 16 11
12201 4 7 18
1001100011 2 3 5
1100100110 2 3 8
100011101 2 11 12
428 9 10 6
440 10 14 10
2236 7 11 20
102210 3 10 5
807 9 4 9
476 8 9 9
4223 6 12 20
3243 5 9 5
2261 7 7 7
23020 4 10 18
1100011100 2 16 17
211 10 6 7
243 10 7 6
1154 8 9 15
669 10 3 18
111111000 2 5 11
10014 5 11 10
456 10 9 8
670 10 5 12
3030 5 12 13
1721 8 2 19
997 10 8 11
22222 3 7 16
1220 6 10 13
1101002 3 11 13
1234 9 13 11
211211 3 13 14
1433 5 3 8
11240 5 7 10
13110 4 6 9
1330 4 9 20
337 9 10 10
3012 5 16 6
750 9 14 16
20200 3 9 7
718 9 11 19
1520 6 16 18
4440 5 9 12
432 10 9 20
786 10 9 18
341 6 16 10
12201 3 2 7
250 10 3 9
1110000000 2 15 7
1011000000 2 11 18
203 8 8 12
799 10 10 6
1101101011 2 16 7
1101101010 2 4 18
100001 3 9 10
20022 4 8 7
1341 7 8 15
4102 6 4 8
220002 3 16 13
1000101 3 11 15
110100101 2 6 6
1015 10 15 19
20322 4 3 18
10202 5 6 16
2411 6 8 13
21203 4 6 18
651 8 15 7
1000101101 2 2 15
1043 8 16 17
11100110 2 12 18
238 9 3 9
1530 8 15 14
437 8 2 20
20332 4 9 6
11212 5 5 14
10011 5 5 14
504 9 14 16
1000000000 2 16 5
1572 8 7 16
1001021 3 6 16
301 7 9 6
102121 3 12 7
13211 4 11 18
10211 5 12 9
1253 9 7 18
1256 8 2 12
1321 5 3 14
834 10 7 11
2003 7 3 16
1011000011 2 14 13
2634 7 7 5
13042 5 4 8
1110110111 2 16 20
221012 3 2 10
1100010011 2 9 13
1167 8 13 5
1312 9 10 15
260 7 2 20
307 9 9 19
321 7 16 14
22102 4 7 8
2550 7 2 17
4421 5 10 6
1221 5 4 20
20003 4 4 18
2212 7 16 16
173 8 12 18
1000110101 2 13 20
697 10 7 7
517 8 11 17
3321 6 9 11
805 9 15 12
1135 9 13 16
120121 3 10 8
2235 6 11 8
1445 6 13 18
1334 8 5 18
100111010 2 13 12
33031 4 14 9
3222 4 10 15
2203 6 10 16
2153 7 9 11
1040 6 5 15
31120 4 13 11
663 7 4 11
1101200 3 5 5
2043 7 6 15
163 9 13 8
2256 7 16 13
1342 7 12 9
1011011101 2 15 16
257 10 10 10
1130 5 12 16
1304 7 13 15
1111101011 2 14 6
2245 6 16 16
212120 3 5 16
2134 6 10 15
10114 5 16 13
3505 6 11 20
31310 4 8 14
2604 7 5 7
1237 9 10 5
1000010000 2 7 8
2012 4 5 15
1223 9 6 16
356 9 9 12
210000 3 5 10
3332 6 2 17
446 7 8 11
3331 4 8 17
1100010111 2 6 16
676 9 16 9
1000011111 2 14 8
30103 4 8 20
1662 8 2 18
1011010100 2 8 12
165 10 14 12
101000001 2 6 14
3022 6 8 11
212111 3 12 6
10030 4 5 12
820 10 14 14
1100000111 2 4 7
10101 4 7 6
1011222 3 4 12
120112 3 8 17
459 10 16 9
1504 7 11 10
2421 7 13 5
4100 6 7 6
542 9 9 7
1514 6 14 8
839 10 12 7
4231 5 16 19
1436 7 13 17
2130 6 11 15
1022202 3 16 6
1152 7 10 16
966 10 7 15
1422 7 4 16
1005 9 12 7
12231 4 16 20
1430 7 6 11
606 9 16 20
4041 5 9 9
163 9 8 13
1001101011 2 9 17
3342 6 14 15
13312 4 13 19
2404 5 3 11
2340 6 10 5
1001000100 2 14 8
10100000 2 7 20
2023 7 14 14
11110110 2 5 5
12030 4 13 15
1553 8 6 16
254 9 14 5
374 10 2 18
654 8 6 10
2012 8 11 17
4013 6 6 17
517 8 5 13
4033 6 16 14
12212 4 8 17
315 8 8 16
1130 7 6 17
11444 5 14 18
212210 3 16 13
244 7 3 14
644 7 7 10
872 10 6 19
2410 6 15 19
822 9 13 12
100100001 2 4 15
1057 8 12 6
1110110001 2 4 12
3010 5 8 15
120112 3 10 19
23021 4 15 13
410 9 4 17
1443 6 6 17
1345 6 8 15
30220 4 14 13
11000 4 2 8
1011010 3 5 6
10224 5 7 10
1011 10 15 5
12402 5 16 18
2323 4 16 10
1017 8 14 12
3220 6 7 18
201201 3 5 5
11330 4 13 8
1010 7 12 19
2135 6 4 17
1130 5 4 19
12102 5 16 11
572 8 10 6
1451 7 4 20
156 9 10 19
31020 4 9 5
101012 3 7 15
263 7 9 18
1022110 3 8 5
1010100011 2 14 17
222011 3 8 17
1011 10 5 6
1084 9 4 20
129 10 6 13
100100110 2 3 15
381 10 16 18
1110001101 2 8 15
220101 3 7 20
10020 4 15 15
1100101001 2 14 5
1131 7 5 14
1110000000 2 12 19
1014 5 9 9
3520 6 4 17
1143 7 15 13
222222 3 3 9
1005 9 2 11
100101100 2 14 16
1022100 3 6 19
13004 5 2 10
643 8 4 14
436 10 12 9
523 9 3 8
101110 3 8 13
11140 5 8 16
2262 7 10 5
2023 4 8 17
4354 6 11 10
229 10 5 13
1000221 3 9 9
1530 8 2 5
2123 4 4 13
12334 5 9 10
217 9 7 10
112000 3 13 8
2005 8 14 17
1238 9 5 7
1143 6 8 17
2013 5 15 12
1010 6 9 5
632 7 3 13
2242 7 5 9
1100000 3 12 18
3053 6 7 5
436 8 12 5
1747 8 16 15
1001021 3 5 10
1100010101 2 15 10
111102 3 9 13
402 6 5 20
532 10 9 7
2221 6 5 9
631 9 12 18
650 9 6 20
604 10 14 12
3220 4 4 18
12333 4 7 18
1031 7 6 20
100001101 2 10 16
155 10 6 8
100210 3 7 16
2420 7 3 5
715 10 15 12
781 10 8 19
763 10 9 14
1325 6 16 12
1000011110 2 11 19
1357 8 11 8
1546 8 2 14
202220 3 15 20
2510 7 15 10
816 10 8 17
100000 4 11 16
10101011 2 6 5
540 8 4 9
100011001 2 2 5
11203 4 4 18
2120 7 4 14
3012 4 9 8
780 10 2 13
225 10 3 18
1001000010 2 3 16
3102 4 5 14
3041 5 14 12
31322 4 7 5
1115 9 8 19
100021 3 7 13
1220 7 12 5
584 9 13 6
201011 3 12 19
3153 6 3 18
646 9 11 20
2025 6 4 8
122111 3 13 6
4243 6 9 15
1002011 3 15 6
1636 8 6 9
111100011 2 5 5
1514 8 7 19
30003 4 15 7
633 10 9 18
111112 3 7 9
910 10 7 15
21221 4 4 12
1073 9 16 20
3203 4 13 10
33031 4 13 15
100000 3 6 19
348 10 14 9
1021 8 4 7
201002 3 16 13
1101211 3 11 10
10000 4 2 9
2225 7 6 17
23313 4 8 14
1011011011 2 4 19
100011101 2 6 12
767 8 10 15
342 10 13 14
220202 3 11 16
880 10 9 18
4441 5 6 18
21203 4 7 8
404 8 8 11
32002 4 9 13
10000001011 2 9 8
310 7 9 16
1262 8 10 19
4344 6 9 19
2002 7 11 11
480 10 5 13
1220 9 9 18
667 8 8 18
1553 8 12 9
1148 9 14 19
11220 5 6 7
202110 3 5 14
641 9 16 17
21222 4 5 7
426 10 16 15
457 10 14 5
1012200 3 13 13
11110 5 14 11
10031 5 14 19
633 8 9 9
712 10 3 5
121101 3 5 6
1100212 3 7 6
1228 9 13 11
453 10 3 12
3303 6 8 8
4010 5 9 15
1264 7 4 6
1000101111 2 14 13
101011 3 10 13
200201 3 15 14
1322 8 4 15
11110101 2 3 7
1343 6 14 8
361 8 4 14
2330 4 2 14
2404 7 5 14
1312 8 2 11
289 10 10 19
13303 4 5 10
1111101111 2 3 12
111001101 2 14 8
2623 7 15 12
354 9 15 14
1020221 3 7 17
1167 9 6 15
2622 7 15 15
586 9 9 9
2262 7 11 17
10001100 2 9 7
13023 4 16 13
220012 3 6 11
1233 9 2 18
1000011010 2 10 17
1761 8 16 15
1574 8 2 9
885 10 4 10
370 10 11 11
365 8 6 16
1111010111 2 12 8
622 8 10 5
1621 7 12 6
22113 4 7 5
2414 6 13 12
121010 3 15 7
170 10 16 18
23310 4 14 20
12203 5 11 16
2444 7 9 7
1002021 3 12 19
1010001100 2 6 16
1162 9 5 17
2140 7 8 18
204 10 9 20
2003 5 16 12
2250 7 5 9
20020 4 11 20
1265 9 6 19
932 10 13 16
212211 3 2 12
547 9 14 17
901 10 14 13
1444 6 14 16
1642 7 7 8
254 7 5 17
31033 4 7 8
222112 3 13 15
12210 3 9 15
12212 4 16 14
22320 4 8 15
1002 8 7 10
1080 9 16 20
1341 5 5 15
110002 3 16 10
23110 4 16 14
1213 9 13 8
1010100001 2 8 5
445 10 16 15
1542 6 6 8
2333 4 15 14
2105 6 15 13
33320 4 9 5
100101111 2 13 11
766 8 6 5
1058 9 6 14
1221 5 16 13
3010 4 15 20
1004 9 9 11
982 10 12 14
665 8 6 11
1101002 3 9 14
1706 8 4 15
495 10 12 11
699 10 14 7
949 10 10 5
1101101000 2 15 13
863 10 10 16
23011 4 15 8
1631 7 14 7
324 10 14 20
32313 4 4 20
261 10 8 16
12441 5 13 17
414 8 11 15
3314 5 6 6
521 9 3 19
1131 7 6 10
605 7 2 6
100101100 2 7 13
354 7 15 7
776 9 8 12
623 10 14 17
11214 5 12 11
101011011 2 5 14
3342 6 15 7
1011010011 2 5 10
427 8 8 11
634 7 2 10
1237 9 16 14
100010100 2 5 19
314 9 11 11
11100000 2 8 16
13032 4 16 9
929 10 14 12
502 8 8 13
122012 3 6 13
211102 3 12 11
100111100 2 16 11
180 10 16 20
1043 6 5 16
211011 3 5 15
1010011110 2 16 14
110110111 2 5 11
4245 6 11 5
940 10 6 19
1000011111 2 6 19
428 10 3 10
1110 6 2 5
468 10 5 20
1610 8 16 11
1064 7 4 12
2224 7 4 11
2060 7 11 16
32322 4 3 18
2421 7 2 17
129 10 15 6
1426 8 15 8
221022 3 11 14
13333 4 11 14
110011110 2 13 14
3330 6 5 18
198 10 16 8
1401 7 2 5
33003 4 2 12
1044 5 14 5
1002111 3 3 19
2134 6 2 16
100111001 2 3 10
3312 6 11 10
1144 7 9 7
1710 8 12 7
991 10 14 14
32033 4 8 18
429 10 6 9
1188 9 15 11
210 9 10 13
21122 4 9 12
200021 3 14 15
1001100100 2 4 19
3252 6 2 8
208 9 11 14
317 10 14 12
910 10 10 8
1080 9 16 5
31221 4 5 12
1017 8 7 13
1010000000 2 9 11
100010000 2 14 20
958 10 12 18
1146 9 15 11
682 10 11 15
1111101110 2 6 15
727 8 4 14
2333 4 9 11
111010100 2 12 12
475 8 8 10
651 8 9 9
2462 7 11 14
1000122 3 2 12
492 10 16 20
1241 6 10 18
4240 6 9 11
12332 4 14 13
420 8 14 10
2222 7 9 13
1653 8 4 8
31222 4 16 13
1011100000 2 7 13
111211 3 2 9
20210 4 5 15
3200 6 13 15
1012010 3 10 15
495 10 11 11
221212 3 9 9
23332 4 14 11
100001111 2 10 16
13203 4 5 19
21230 4 5 19
676 8 14 9
111100011 2 4 14
1000100110 2 2 12
1020101 3 8 8
3053 6 8 17
13000 5 13 9
4043 5 3 5
500 7 9 10
601 9 7 12
4020 6 7 11
1135 8 5 6
745 10 13 13
1467 8 5 11
550 10 5 9
3322 6 6 18
1100101001 2 11 17
1204 5 4 9
22012 3 14 7
446 8 14 14
222122 3 8 5
101022 3 4 11
2561 7 11 9
607 9 3 13
3542 6 13 11
2223 5 10 6
21031 4 16 11
443 5 13 20
381 9 10 8
415 6 7 11
4100 5 9 11
2203 4 14 20
1457 8 10 12
757 10 7 17
11310 5 8 13
1150 8 9 20
10201 5 10 7
1131 7 2 16
721 8 6 14
737 8 15 20
1041 8 8 20
120201 3 4 10
32030 4 8 10
529 10 4 5
1201 6 15 14
372 10 9 13
1435 7 10 6
454 7 13 13
3202 6 3 10
22201 4 13 14
1116 9 7 6
23101 4 11 17
1001000010 2 13 8
21330 4 12 10
307 8 13 11
12122 3 7 5
4040 6 9 10
421 8 8 17
2422 6 7 10
23103 4 12 15
1001111010 2 6 13
2013 6 14 12
2531 7 2 16
11144 5 13 10
1000111010 2 7 19
1022 8 9 10
1101210 3 16 13
1205 7 6 20
1081 9 16 17
766 9 11 19
1443 7 7 8
3543 6 3 13
1120 9 6 13
1105 6 3 6
1633 7 2 15
437 8 2 12
181 9 11 11
11133 4 12 18
3011 4 15 14
337 9 15 14
1011010110 2 6 20
390 10 4 6
1000100010 2 9 18
2111 4 8 19
21111 4 14 5
2313 4 12 5
1215 6 15 12
211020 3 13 7
489 10 9 19
10101000 2 5 20
563 10 4 5
1224 7 6 9
1300 5 5 17
1020 9 14 9
230 8 12 17
1554 8 5 7
2132 6 15 6
13331 4 3 19
274 10 7 18
20301 4 9 11
213 10 10 18
101111011 2 4 16
1010 6 13 13
436 10 7 20
1257 9 11 7
774 9 10 17
1111011010 2 5 17
2042 6 5 11
2524 6 6 9
1110010110 2 13 8
1113 8 5 9
30303 4 9 8
344 7 13 12
110000000 2 12 14
1011101011 2 8 20
11031 5 11 16
698 10 14 20
4250 6 10 9
23213 4 14 9
11013 4 10 12
100200 3 7 12
1315 8 6 18
1333 9 16 10
1533 6 13 6
11223 5 12 11
1011010001 2 10 5
1000120 3 13 15
10142 5 15 15
1010101101 2 10 5
1110100101 2 6 10
1055 6 16 6
1072 8 8 13
650 9 7 19
656 7 3 18
2156 7 12 16
31012 4 2 8
33022 4 3 18
636 8 10 20
33333 4 8 5
13103 5 4 20
493 10 2 13
200010 3 15 15
1661 7 10 5
100011101 2 6 7
362 10 8 19
977 10 11 16
10202 4 5 16
1350 8 11 18
1011001000 2 4 7
1001102 3 3 15
111000011 2 5 20
4432 6 12 11
733 9 12 12
2134 6 2 8
321 8 4 14
4440 6 9 8
110001101 2 9 14
1352 8 9 6
1000120 3 3 10
2365 7 6 7
445 7 14 15
1222 7 12 8
2254 6 13 9
547 10 3 17
839 10 8 18
12042 5 15 11
863 9 16 8
2005 8 2 14
110000001 2 14 5
2021 6 11 5
11001101 2 3 16
243 9 4 12
590 10 9 9
20222 4 8 20
1001010010 2 11 9
1111101 2 2 10
112111 3 16 6
1520 6 12 15
210 9 15 8
33211 4 4 19
881 10 5 8
1140 6 14 7
3055 6 13 14
240 10 16 8
10211 4 13 17
640 8 5 14
1004 10 8 15
22112 4 8 8
33103 4 15 19
901 10 6 17
513 8 11 7
674 10 10 10
1032 6 10 7
1235 8 12 11
10401 5 4 13
1110 5 6 16
422 8 13 12
13323 4 4 17
274 8 9 15
11212 4 9 20
1042 8 10 7
120212 3 8 6
23011 4 11 18
203 9 4 15
884 9 9 19
167 10 10 16
374 9 6 7
1101011011 2 9 14
4342 5 3 11
12011 3 14 6
12044 5 12 5
101011 3 15 16
3404 6 3 18
468 10 15 16
13003 4 12 15
676 10 4 9
21312 4 13 8
10021 5 14 18
3130 6 12 17
1000002 3 8 12
696 10 7 9
653 8 9 14
3342 6 14 6
1085 9 14 5
2603 7 7 13
534 9 14 16
1022102 3 13 8
2332 5 11 15
655 9 11 17
736 8 12 13
538 9 10 6
10011110 2 6 10
1544 6 11 9
101010111 2 7 17
1020011 3 14 10
12223 4 16 6
2102 5 5 12
1022 10 4 20
1155 9 13 9
1000100101 2 12 17
2524 6 5 5
1042 5 7 16
1111111 2 12 7